0.	-45.365670714470845
1.	-45.365670714470845
1.0190455276889554	-45.36245399885262
1.0319748482560578	-45.36245392152882
1.0510204081632653	-45.365670398753856
1.0700660840181573	-45.362453643254376
1.0829951042102457	-45.36245355622703
1.1020408163265305	-45.362453404259355
1.1210866589339918	-45.36245324304821
1.1340153410771192	-45.362453145115694
1.1530612244897958	-45.36566964352446
1.1721072547404137	-45.36245279270463
1.1850355564900497	-45.362452682514885
1.204081632653061	-45.36245249009831
1.2231278740304117	-45.362452286000476
1.236055747785455	-45.36245216203202
1.2551020408163263	-45.365668687349455
1.2741485197209972	-45.3624517159349
1.287075911967347	-45.36245157647673
1.3061224489795915	-45.36245133293727
1.3251691950941635	-45.36245107463114
1.3380960456645958	-45.36245091775829
1.3571428571428568	-45.36566747720037
1.376189903842084	-45.36245035322797
1.3891161450850302	-45.362450176775496
1.408163265306122	-45.36244986860248
1.427210650118057	-45.36244954175747
1.440136205962915	-45.36244934329058
1.4591836734693873	-45.365665945963826
1.478231438593931	-45.36244862900721
1.4911562235000226	-45.3624484057878
1.5102040816326525	-45.36244801588351
1.529252274524662	-45.36244760236529
1.5421761922993513	-45.36244735131436
1.5612244897959178	-45.36566400871961
1.580273163820928	-45.36244644764609
1.593196106290571	-45.36244616530145
1.612244897959183	-45.3624456720314
1.6312941131308065	-45.36244514889422
1.6442159586461742	-45.36244483136306
1.6632653061224483	-45.36566155803141
1.6823151299316417	-45.36244368816405
1.695235741687168	-45.362443331069606
1.7142857142857135	-45.362442707060396
1.733336222633374	-45.36244204527173
1.7462554467770115	-45.362441643693394
1.7653061224489788	-45.365658457988935
1.7843574006947578	-45.36244019751624
1.797275064202331	-45.36243974592232
1.816326530612244	-45.36243895653967
1.8353786747540755	-45.36243811936572
1.8482945830387705	-45.36243761153794
1.8673469387755093	-45.36565453667126
1.886400056776155	-45.36243578210456
1.899313991000124	-45.36243521105335
1.9183673469387745	-45.36243421247526
1.9374215602177238	-45.36243315343663
1.9503332742686763	-45.36243251130604
1.9693877551020398	-45.36564957661353
1.9884432002133836	-45.36243019703889
2.001352417304397	-45.362429474999935
2.020408163265305	-45.362428211776574
2.039464993784786	-45.36242687205936
2.05237140263039	-45.36242606019048
2.0714285714285703	-45.36564330274855
2.090486960075884	-45.362423132552564
2.1033902105915985	-45.36242221970554
2.1224489795918355	-45.36242062166855
2.141509120617539	-45.36241892684443
2.1544088190834843	-45.362417900494236
2.173469387755101	-45.36563536715527
2.1925314996251246	-45.36241419681806
2.20542720324692	-45.362413042894644
2.224489795918366	-45.362411021240696
2.243554124333249	-45.3624088771104
2.2564453351251066	-45.36240757981046
2.2755102040816313	-45.365625329768605
2.2945770253722384	-45.36240289420866
2.307463183277795	-45.362401435785074
2.3265306122448965	-45.36239887811115
2.3456002371915794	-45.36239616543408
2.35848071234751	-45.36239452596055
2.377551020408162	-45.36561263398255
2.396623798536192	-45.36238859779884
2.4094978825718187	-45.36238675490706
2.428571428571427	-45.36238351891302
2.4476477529821294	-45.36238008672043
2.4605146492349492	-45.36237801530673
2.4795918367346923	-45.36559657579513
2.4986721495391215	-45.36237051457548
2.511530962051235	-45.36236818647398
2.5306122448979576	-45.36236409196891
2.5496970433283153	-45.362359749073256
2.5625467644719473	-45.362357132691855
2.581632653061223	-45.36557626478731
2.600722496344608	-45.36234764142599
2.613561992906011	-45.36234470134177
2.632653061224488	-45.36233952008792
2.651748578314146	-45.36233402429094
2.664576575843973	-45.36233072080104
2.6836734693877533	-45.36555057477674
2.702775367658888	-45.362318709455394
2.7155904328732388	-45.36231499807944
2.7346938775510186	-45.362308440874116
2.7538029525816223	-45.36230148523266
2.7666034735711733	-45.362297316162646
2.785714285714284	-45.365518081417754
2.8048314322865115	-45.36228211353277
2.817615596260987	-45.362277431026364
2.836734693877549	-45.3622691312468
2.8558609183521284	-45.362260326567124
2.8686266866135175	-45.362255068280604
2.8877551020408143	-45.36547698329961
2.906891536276093	-45.36223582314145
2.919636616075934	-45.362229919398565
2.9387755102040796	-45.362219412004116
2.95792342721285	-45.36220826448506
2.9706452401060908	-45.3622016374791
2.989795918367345	-45.36542500218739
3.0089567499287617	-45.362177269558714
3.0216523961887782	-45.36216983248572
3.04081632653061	-45.36215652716352
3.059991683001657	-45.3621424097756
3.072657901607338	-45.362134065898424
3.0918367346938753	-45.36535925690489
3.1110284272956195	-45.36210320306193
3.1236615509406116	-45.36209384470644
3.1428571428571406	-45.362076991435146
3.1620672087460555	-45.36205910717272
3.1746631132514027	-45.36204861466051
3.193877551020406	-45.36527610392198
3.213108281493971	-45.36200951216956
3.2256623289293715	-45.36199775269579
3.244897959183671	-45.361976397434745
3.2641519314127025	-45.36195373195644
3.276658906147218	-45.36194055842679
3.2959183673469363	-45.365170935870516
3.3151984800768073	-45.361890994754425
3.3276525168835245	-45.36187624460209
3.3469387755102016	-45.361849172047634
3.36624828922952	-45.36182043237975
3.3786427924585203	-45.361803926390245
3.397959183673467	-45.36503792696901
3.4173017658128315	-45.36174106817164
3.4296293185266276	-45.36172260936186
3.448979591836732	-45.36168826863265
3.468359367629832	-45.36165180340267
3.4806116294594576	-45.36163117600882
3.4999999999999973	-45.36486971141731
3.5194216097196565	-45.361551401978936
3.531589202050515	-45.36152837063552
3.5510204081632626	-45.361484778228295
3.5704890715373283	-45.36143847320836
3.5825614484582236	-45.361412782422185
3.602040816326528	-45.3646569772502
3.6215624050406383	-45.36131145239225
3.6335277083010724	-45.361282826453184
3.653061224489793	-45.36122743865842
3.6726423437998728	-45.36116857896192
3.6844872398068493	-45.361136722475216
3.7040816326530583	-45.36438795362515
3.7237297132627734	-45.3610078718428
3.735439209907092	-45.36097247112396
3.7551020408163236	-45.36090201496187
3.7748254423240724	-45.36082710168752
3.7863826831577105	-45.36078782733361
3.806122448979589	-45.36404776387011
3.8259305763692475	-45.360623759570935
3.837316609354443	-45.36058027061393
3.857142857142854	-45.36049051780187
3.877046291981785	-45.36039502169268
3.8882398097021666	-45.36034697185663
3.9081632653061193	-45.363617609571364
3.928173913537147	-45.36013770955165
3.9391509613753177	-45.36008475628035
3.9591836734693846	-45.35997021806136
3.9793149319299124	-45.35984824500085
3.990048580302252	-45.35979006211316
4.01020408163265	-45.36307374224218
4.030471025716293	-45.359522599505375
4.0409310019858635	-45.35945889456199
4.061224489795915	-45.35931240530635
4.081644085001387	-45.35915623681298
4.0917963601557075	-45.35908677457778
4.11224489795918	-45.36238616815254
4.132836238436523	-45.358744048160496
4.142642563038241	-45.35866868190402
4.163265306122446	-45.358480824657796
4.184049883756841	-45.358280278983564
4.19346726700598	-45.35819899183476
4.214285714285711	-45.36151701828406
4.235287722347512	-45.35775844595779
4.244267847356758	-45.357671405084794
4.265306122448976	-45.357429710251225
4.286552798403367	-45.35717124301558
4.2950413659544475	-45.35707887012741
4.316326530612241	-45.3604184983384
4.337848543336578	-45.356510434767706
4.345784535444862	-45.356413497312566
4.367346938775507	-45.356101312842426
4.389178826191416	-45.355766735507935
4.396493679743681	-45.355666464037895
4.418367346938772	-45.359030312111365
4.440548010950909	-45.354929671676985
4.447164690474266	-45.35482791019946
4.469387755102037	-45.35442279284502
4.491961021767825	-45.353987425308226
4.4977929790150775	-45.353886823105576
4.520408163265302	-45.35727642377131
4.543423417341659	-45.35292665552286
4.548373423785274	-45.35283091096221
4.571428571428568	-45.35230231586532
4.594941475876016	-45.351732294632235
4.598900312376301	-45.351646463988835
4.622448979591833	-45.35506098784718
4.646522292322459	-45.350387314752616
4.649367278094663	-45.350318202121066
4.673469387755098	-45.349624141680835
4.698173889953577	-45.34887246002977
4.69976723042623	-45.348829108124995
4.724489795918363	-45.352263225161906
4.7499053487076415	-45.34716593861185
4.750092278868556	-45.34716024479474
4.756225658666899	-45.346938775510196
4.775510204081629	-45.346333993923096
4.800424729388786	-45.345509146451455
4.8016359072939405	-45.345461577596566
4.826530612244894	-45.34873095023351
4.850688599784348	-45.34369345580897
4.853443454040051	-45.34357244499774
4.877551020408159	-45.34262630170716
4.900862360603844	-45.341661502183925
4.905351938044037	-45.34144106298001
4.928571428571424	-45.34427234599766
4.950935704579061	-45.339388548132604
4.957374715736977	-45.33903537610879
4.97959183673469	-45.33794671623665
5.000897219342894	-45.33684720397397
5.009527025581074	-45.336318812074786
5.030612244897955	-45.33864540929037
5.050734276078114	-45.33400716054666
5.061826285337223	-45.33324956825187
5.08163265306122	-45.33204111515989
5.100432905165513	-45.330834890764585
5.114292445210983	-45.329779764146686
5.132653061224485	-45.33154421133074
5.1499776559921004	-45.32729331315655
5.166948409810829	-45.32585442869889
5.183673469387751	-45.32458775847242
5.199351437187987	-45.32334140843485
5.219820545475965	-45.3214102826944
5.234693877551016	-45.32258065648311
5.248535332410366	-45.31893377737672
5.272939294360969	-45.31637426496223
5.285714285714281	-45.31517747354626
5.297508385338738	-45.31402012481298
5.32633992313007	-45.31066173550822
5.336734693877546	-45.31125965246345
5.346247345745438	-45.30854465019721
5.380063442754119	-45.30417426800234
5.387755102040812	-45.30328629796342
5.394726366346289	-45.302445320047426
5.434157747202619	-45.29679691691778
5.438775510204077	-45.29694431151763
5.4429166377889535	-45.29565299191798
5.488679032272522	-45.28839481234185
5.489795918367342	-45.28823654884705
5.490785947175734	-45.28809035485442
5.504330402022919	-45.28571428571428
5.53864398350571	-45.28050066245452
5.540816326530607	-45.28010859271125
5.543350317649092	-45.27963270702991
5.586299047741938	-45.272423837029635
5.591836734693873	-45.27233233159792
5.598401395972535	-45.26995909864549
5.633577703724298	-45.26344363179546
5.642857142857138	-45.26311144414346
5.654053198053064	-45.25884375324406
5.680437011046254	-45.25345698977632
5.693877551020403	-45.25269314976992
5.710409256218735	-45.24603819323828
5.726828454915407	-45.24234747547045
5.744897959183668	-45.24090687339606
5.767593620889447	-45.23124469762041
5.772697191969509	-45.229983464808456
5.795918367346934	-45.22755558496881
5.818470633795881	-45.217390745599914
5.82527507419072	-45.21525818928919
5.846938775510199	-45.21241286344744
5.864018614502384	-45.20425691970368
5.883693327643781	-45.19750336059368
5.897959183673464	-45.19522027555279
5.908955335615252	-45.18965607078273
5.943358476379895	-45.17675598321885
5.948979591836732	-45.17568504395096
5.953209706731264	-45.173417581869316
5.974489795918366	-45.164827571351665
5.978285361727374	-45.16326530612244
5.997184900693512	-45.15650906778687
6.	-45.15532363315893